1232
2685
12499
12500
28005
34228
35456
35496
52594
52617
52702
53345
53366
60246
65348
66653
70262
70263
70264
70265
70266
70267
73250
75455
75461
75462
75706
78485
78855
81534
81801
83981
86327
87312
87723
87724
87725
87726
87727
87728
87729
87744
87745
87746
87747
87748
87749
87750
87751
87752
87753
87754
87755
87756
87757
87758
87759
87760
87761
87762
87763
87764
87765
87766
87767
87768
87769
87770
87771
87772
87773
87774
87775
87776
87777
87778
87779
87780
87781
87782
87783
87784
87785
87786
87787
87788
87789
87790
87791
87792
87793
87794
87795
87796
87797
87798
87799
87800
87801
87802
87803
87804
87805
87806
87807
87808
87809
87810
87811
87812
87813
87814
87815
87816
87817
87818
87819
87820
87821
87822
87823
87824
87825
87826
87827
87828
87829
87830
87831
87832
87833
87834
87835
87836
87837
87838
87839
87840
87841
87842
87843
87844
87845
87846
87847
87848
87849
87850
87851
87852
87853
87854
87855
87856
87857
87858
87859
87860
87861
87862
87863
87864
87865
87866
87867
87868
87869
87870
87871
87872
87873
87874
87875
87876
87877
87878
87879
87880
87881
87882
87883
87884
87885
87886
87887
87888
87889
87890
87891
87892
87893
87894
87895
87896
87897
87898
87899
87900
87901
87902
87903
87904
87905
87906
87907
87908
87909
87911
87912
87913
87914
87915
87916
87917
87918
87919
87920
87921
87922
87923
87924
87925
87926
87927
87928
87929
87930
87931
87932
87933
87934
87935
87937
87938
87939
87940
87941
87942
87943
87944
87945
87946
87947
87948
87949
87950
87951
87952
87953
87954
87955
87956
87957
87958
87959
87960
87961
87962
87963
87964
87965
87966
87967
87968
87969
87970
87971
87972
87973
87974
87975
87976
87977
87978
87979
87980
87981
87982
87983
87984
87985
87986
87987
87988
87989
87990
87991
87992
87993
87994
87995
87996
87997
87998
87999
88000
88001
88002
88003
88004
88005
88006
88007
88008
88009
88010
88011
88012
88013
88014
88015
88016
88017
88018
88019
88020
88021
88022
88023
88024
88025
88026
88027
88028
88029
88030
88031
88032
88033
88034
88035
88036
88037
88038
88039
88040
88041
88042
88043
88044
88045
88046
88047
88048
88049
88050
88051
88052
88053
88054
88055
88056
88057
88058
88059
88060
88061
88062
88063
88064
88065
88066
88067
88068
88069
88070
88071
88072
88073
88074
88075
88076
88077
88078
88079
88080
88081
88082
88083
88084
88085
88086
88087
88088
88089
88090
88091
88092
88093
88094
88095
88096
88097
88098
88099
88100
88101
88102
88103
88104
88105
88106
88107
88108
88109
88110
88111
88112
88113
88114
88115
88116
88117
88118
88119
88120
88121
88122
88123
88124
88125
88126
88127
88128
88129
88130
88131
88132
88133
88134
88135
88136
88137
88138
88139
88140
88141
88142
88143
88144
88145
88146
88147
88148
88149
88150
88151
88152
88153
88154
88155
88156
88157
88158
88159
88160
88161
88162
88163
88164
88165
88166
88167
88168
88169
88170
88171
88172
88173
88174
88175
88176
88177
88178
88179
88180
88181
88182
88183
88184
88185
88186
88187
88188
88189
88190
88191
88192
88193
88194
88195
88196
88197
88198
88199
88200
88201
88202
88203
88204
88205
88206
88207
88208
88209
88210
88211
88212
88213
88214
88215
88216
88217
88218
88219
88220
88221
88222
88223
88224
88225
88226
88227
88228
88229
88230
88231
88232
88233
88234
88235
88236
88237
88238
88239
88240
88241
88242
88243
88244
88245
88246
88247
88248
88249
88250
88251
88252
88253
88254
88255
88256
88257
88258
88259
88260
88261
88262
88263
88264
88265
88266
88267
88268
88269
88270
88271
88272
88273
88274
88275
88276
88277
88278
88279
88280
88281
88282
88283
88284
88285
88286
88287
88288
88289
88290
88291
88292
88293
88294
88295
88296
88297
88298
88299
88300
88301
88302
88303
88304
88305
88306
88307
88308
88309
88310
88311
88312
88313
88314
88315
88316
88317
88318
88319
88320
88321
88322
88323
88324
88325
88326
88327
88328
88329
88330
88331
88332
88333
88334
88335
88336
88337
88338
88339
88340
88341
88342
88343
88344
88345
88346
88347
88348
88349
88350
88351
88352
88353
88354
88355
88356
88357
88358
88359
88360
88361
88362
88363
88364
88365
88366
88367
88368
88369
88370
88371
88372
88373
88374
88375
88376
88377
88378
88379
88380
88381
88382
88383
88384
88385
88386
88387
88388
88389
88390
88391
88392
88393
88394
88395
88396
88397
88398
88399
88400
88401
88402
88403
88404
88405
88406
88407
88408
88409
88410
88426
88427
88428
88429
88430
88431
88432
88433
88434
88435
88436
88437
88438
88439
88440
88441
88442
88443
88444
88445
88446
88447
88448
88449
88450
88451
88452
88453
88454
88455
88456
88457
88458
88459
88460
88461
88462
88463
88464
88465
88466
88467
88468
88469
88470
88471
88472
88473
88474
88475
88476
88477
88478
88479
88480
88481
88482
88483
88484
88485
88486
88487
88488
88489
88490
88491
88492
88493
88494
88495
88496
88497
88498
88499
88500
88501
88502
88503
88504
88505
88506
88507
88508
88509
88510
88511
88512
88513
88514
88515
88516
88517
88518
88519
88520
88521
88522
88523
88524
88525
88526
88527
88528
88529
88530
88531
88532
88533
88534
88535
88536
88537
88538
88539
88540
88541
88542
88543
88544
88545
88546
88547
88548
88549
88550
88551
88552
88553
88554
88555
88556
88557
88558
88559
88560
88561
88562
88563
88564
88565
88566
88567
88568
88569
88570
88571
88572
88573
88574
88575
88576
88577
88578
88579
88580
88581
88582
88583
88584
88585
88586
88587
88588
88589
88590
88591
88592
88593
88594
88595
88596
88597
88598
88599
88600
88601
88602
88603
88604
88605
88606
88607
88608
88609
88610
88611
88612
88613
88614
88615
88616
88617
88618
88619
88620
88621
88622
88623
88624
88625
88626
88627
88628
88629
88630
88631
88632
88633
88634
88635
88636
88637
88638
88639
88640
88641
88642
88643
88644
88645
88646
88647
88648
88649
88650
88651
88652
88653
88654
88655
88656
88657
88658
88659
88660
88661
88662
88663
88664
88665
88666
88667
88668
88669
88670
88671
88672
88673
88674
88675
88676
88677
88678
88679
88680
88681
88682
88683
88684
88685
88686
88687
88688
88689
88690
88691
88692
88693
88694
88695
88696
88697
88698
88699
88700
88701
88702
88703
88704
88705
88706
88707
88708
88709
88710
88711
88712
88713
88714
88715
88716
88717
88718
88719
88720
88721
88722
88723
88724
88725
88726
88727
88728
88729
88730
88731
88732
88733
88734
88735
88736
88737
88738
88739
88740
88741
88742
88743
88744
88745
88746
88747
88748
88749
88750
88751
88752
88753
88754
88755
88756
88757
88758
88759
88760
88761
88762
88763
88764
88765
88766
88767
88768
88769
88770
88771
88772
88773
88774
88775
88794
88795
88796
88797
88798
88799
88800
88801
88802
88803
88804
88805
88806
88807
88808
88809
88810
88811
88812
88813
88814
88815
88879
88880
88881
88882
88883
88884
88885
88886
88887
88888
88889
88890
88891
89020
89021
89022
89023
89024
89025
89026
89027
89028
89057
89058
89059
89060
89061
89062
89063
89064
89065
89066
89067
89068
89069
89070
89071
89072
89110
89111
89112
89113
89114
89115
89116
89117
89118
89119
89149
89150
89151
89152
89153
89154
89155
89156
89213
89214
89215
89216
89217
89218
89219
89220
89221
89222
89223
89224
89225
89226
89279
89280
89281
89282
89283
89284
89285
89286
89287
89288
89289
89290
89321
89322
89368
89369
89370
89371
89372
89373
89374
89375
89376
89377
89378
89379
89380
89381
89452
89453
89454
89455
89456
89487
89488
89489
89490
89565
89566
89567
89568
89569
89570
89571
89572
89573
89574
89575
89576
89577
89651
89652
89653
89654
89655
89656
89657
89658
89659
89660
89661
89662
89663
89664
89665
89666
89667
89668
89669
89670
89851
89852
89853
89854
89855
89856
89857
89858
89859
89860
89861
89862
89863
89864
89886
89887
89888
89889
89890
89920
89942
89943
90304
90305
90306
90307
90308
90309
90310
90311
90312
90313
90314
90315
90316
90317
90318
90319
90320
92270
92271
92272
92273
92274
92275
92361
92362
92363
92364
92365
92366
92367
92368
92369
92370
92371
92372
96360
96361
96362
96363
96364
96365
96416
96417
96418
96419
96420
96421
96422
96423
96424
96425
96426
99010
102282
102287
102586
102823
102824
102825
102826
102827
102887
102888
102889
102890
102891
102892
103758
104828
105932
106193
107444
107820
107821
107822
107823
107824
107825
107826
107827
107828
107829
107840
107841
107842
107843
107844
107845
107853
107854
107897
107898
107899
107900
107901
107902
107903
107904
107905
107906
107907
107908
107909
107910
107911
107912
107913
107914
107945
107946
107947
107948
107949
107950
107951
107952
107953
107954
107955
107956
107957
107958
107959
107960
107961
107962
107963
108251
108252
108253
108254
108255
108256
108257
108258
108259
108260
108261
108262
108263
108328
108329
108330
108331
108332
108333
108334
108335
108336
108337
108338
108339
108340
108341
108342
108343
108344
108345
108346
108347
108348
108349
108350
108351
108352
108353
108354
108355
108356
108357
108358
108467
108468
108469
108470
108471
108472
108473
108474
108475
108476
108477
108478
108479
108480
108481
108482
108483
108555
108556
108557
108558
108559
108571
108572
108573
108574
108609
108610
108611
108612
108613
108614
108645
108646
108687
108688
108689
108690
108691
108692
108693
108694
108695
108696
108726
108727
108728
108729
108730
108731
108732
108734
108735
108736
108737
108738
108739
108740
108779
108780
108781
108782
108783
108784
108785
108786
108787
108788
108789
108790
108791
108792
108793
108794
108795
108796
108921
108922
108923
108924
108925
108926
108927
108928
108929
108930
108931
108932
108933
108934
108935
108936
108937
108982
108983
108984
108985
108986
108987
108988
108989
108990
108991
108992
108993
108994
108995
108996
108997
108998
108999
109000
109001
109002
109003
109004
109005
109006
109007
109008
109009
109010
109011
109012
109013
109014
109015
109016
109017
109018
109019
109020
109062
109063
109064
109065
109066
109096
109097
109098
109099
109100
109101
109102
109103
109104
109105
109106
109107
109108
109109
109110
109123
109124
109125
109126
109127
109128
109129
109130
109131
109132
109133
109345
109346
109347
109348
109349
109350
109351
109352
109404
109405
109416
109417
109418
109419
109420
109421
109422
109423
109424
109425
109426
109427
109428
109429
109430
109431
109432
109462
109463
109464
109465
109466
109467
109498
109499
109500
109501
109502
109503
109534
109535
109536
109537
109561
109562
109563
109564
109565
109581
109582
109583
109584
109585
109586
109587
109588
109589
109590
109591
109592
109593
109594
109595
109596
109597
109598
109599
109660
109661
109662
109663
109664
109665
109666
109667
109668
109669
109670
109671
109672
109673
109717
109718
109719
109720
109721
109722
109816
109817
109818
109819
109820
109821
109822
109823
109854
109855
109856
109857
109909
109910
109911
109912
109913
109914
109915
109916
109917
109918
110109
110110
110111
110112
110113
110114
110115
110116
110118
110135
110136
110137
110138
110139
110144
110145
110151
110152
110153
110185
110186
110187
110188
110189
110190
110191
110192
110193
110194
110195
110196
110197
110198
110229
110241
110242
110243
110244
110245
110246
110247
110248
110280
110281
110282
110283
110284
110285
110286
110289
110300
110301
110307
110308
110309
110310
110345
110346
110386
110387
110388
110389
110390
110391
110392
110393
110406
110407
110408
110409
110410
110411
110412
110413
110414
110415
110416
110447
110448
110449
110460
110461
110462
110463
110464
110486
110488
110489
110490
110491
110492
110493
110494
110495
110496
110497
110498
110499
110500
110501
110532
110533
110534
110535
110536
110537
110538
110539
110540
110541
110542
110543
110544
110545
110546
110547
110548
110549
110550
110551
110552
110553
110584
110585
110586
110587
110588
110589
110590
110591
110592
110641
110642
110643
110644
110645
110687
110688
110689
110690
110691
110692
110693
110724
110725
110726
110727
110728
110729
110730
110731
110732
110733
110734
110735
110736
110752
110753
110754
110755
110756
110757
110758
110759
110760
110761
110762
110763
110764
110765
110766
110767
110768
110769
110770
110771
110772
110773
110774
110775
110776
110777
110778
110779
110780
110781
110782
110815
110816
110817
110818
110819
110820
110821
110822
110853
110854
110855
110870
110872
110873
110874
110875
110876
110877
110878
110879
110880
110881
110922
110923
110924
110960
110961
110962
110963
110964
110965
111021
111022
111023
111024
111025
111026
111027
111028
111029
111030
111031
111032
111033
111034
111035
111046
111047
111048
111049
111050
111051
111052
111113
111114
111115
111116
111117
111118
111119
111120
111121
111122
111123
111124
111125
111126
111127
111128
111129
111185
111186
111187
111188
111189
111190
111191
111192
111193
111194
111195
111196
111197
111198
111199
111200
111201
111202
111203
111204
111235
111236
111237
111238
111239
111240
111241
111242
111243
111244
111245
111246
111247
111248
111249
111250
111251
111252
111253
111254
111255
111256
111257
111258
111259
111260
111261
111262
111263
111264
111319
111320
111321
111322
111323
111324
111325
111326
111327
111328
111329
111330
111331
111332
111333
111334
111335
111336
111337
111338
111339
111340
111341
111342
111343
111344
111345
111346
111347
111348
111484
111485
111486
111487
111488
111489
111490
111491
111521
111522
111523
111524
111525
111526
111527
111528
111529
111530
111531
111532
111533
111534
111583
111584
111585
111586
111587
111588
111589
111590
111591
111592
111593
111594
111595
111596
111597
111598
111599
111600
111601
111602
111603
111604
111605
111606
111607
111608
111609
111610
111611
111612
111613
111621
111622
111623
111624
111625
111626
111627
111632
111633
111634
111635
111636
111637
111638
111639
111640
111641
111642
111643
111644
111645
111646
111647
111648
111649
111650
111651
111652
111653
111654
111655
111656
111657
111658
111659
111684
111685
111686
111687
111688
111689
111720
111721
111722
111723
111724
111726
111727
111728
111741
111742
111743
111744
111745
111746
111747
111748
111749
111780
111781
111782
111783
111784
111785
111786
111787
111788
111789
111820
111821
111822
111823
111824
111825
111838
111839
111840
111897
111899
111900
111901
111924
111925
111926
111927
111928
111929
111930
111931
111932
112121
112122
112123
112124
112125
112126
112127
112128
112183
112184
112216
112217
112218
112219
112220
112221
112222
112223
112224
112229
112321
112322
112323
112324
112325
112326
112327
112334
112335
112336
112379
112380
112381
112382
112412
112413
112414
112415
112416
112417
112418
112419
112420
112421
112422
112423
112424
112425
112426
112427
112428
112429
112430
112431
112432
112433
112434
112435
112520
112548
112549
112550
112555
112585
112586
112587
112588
112589
112590
112595
112596
112597
112598
112599
112600
112601
112602
112603
112604
112605
112606
112607
112652
112653
112654
112655
112656
112657
112658
112659
112660
112661
112692
112693
112694
112728
112729
112776
112777
112778
112779
112790
112791
112792
112793
112840
112841
112842
112843
112844
112845
112846
112847
112848
112912
112913
112914
112955
113603
113634
113635
113666
113667
113668
113699
113760
113761
113762
113763
113764
113765
113766
113767
113768
113769
113801
113802
113803
113804
113805
114491
114492
114493
114494
114524
114525
114526
114527
114528
114529
114538
114628
114629
114630
114631
114632
114769
114770
114771
114772
114773
114774
114837
114838
114839
114840
114841
114842
114843
114859
114860
117224
117225
117226
117227
117229
117231
117232
117233
117234
117235
117825
117826
117827
117828
117829
117830
117886
117887
117888
117982
118081
118082
118083
118084
118085
118086
118087
118088
118099
118100
118101
118102
118103
118227
118228
118229
118230
118260
118261
120301
120746
120747
120748
120749
120750
120751
120752
120753
120754
120843
120925
120926
120927
120928
120929
120930
120931
120932
120933
120934
120935
121008
121009
121010
121011
121012
121978
121979
121980
121981
121982
121983
121984
121985
121986
121987
122230
122848
122849
122850
122851
122852
122853
122854
122855
122856
122857
131472
131476
132711
132712
132713
133646
135026
135055
135237
135719
135720
135721
135809
136781
136782
136783
136784
137156
137157
137158
137602
137603
137604
138413
138681
138685
138857
139127
139653
139654
139655
139656
139657
139738
140482
140484
140508
141234
141235
141451
141620
144157
144158
144159
145210
145211
145212
145213
145214
145748
145749
145750
146567
146568
146840
146952
146953
147499
148323
148324
148325
148326
148327
149027
149028
149462
149989
149990
150787
152277
152278
152279
152280
154956
154957
154958
154959
154960
155313
157271
157367
157985
157986
157987
160383
160547
160835
160836
163522
165135
165651
166623
166624
166975
166984
167125
167227
167324
171802
174179
174369
174647
174936
174937
177372
177373
177374
177375
177376
180163
180164
180165
180166
180316
180420
181245
181313
181366
182030
182525
182885
183118
183984
183985
184064
184065
184066
184067
184068
184069
184070
184071
184072
184073
184130
184455
184456
186509
187538
187828
188529
188530
189251
189252
189253
189254
189815
191178
191708
192330
195557
195558
197628
198031
199496
202745
202746
202747
202748
202749
202750
204743
204744
205483
205573
205574
205575
205576
205577
205578
205579
205825
